Weather Station Hamburg-Fuhlsbüttel                                               
YYYYMMDD QN     TG     TN     TM     TX    RFM     FM     FX     SO     NM     RR     PM
----- -------- -- ------ ------ ------ ------ ------ ------ ------ ------ ------ ------ ------
20171116  1    7.2    7.7    8.6    9.2   93.4    3.0   10.1    0.0    7.9    0.9 1020.1
20171115  1    4.4    6.6    8.6   10.3   98.8    2.0    7.2    0.0    7.4    0.6 1021.7
20171114  1   -3.7   -1.7    4.4    7.8   95.8    3.0   11.3    0.0    6.6    1.6 1017.9
20171113  1   -3.9   -1.6    3.0    8.6   89.3    2.0    7.4    7.8    4.0    0.0 1011.6
20171112  1    0.3    2.4    4.1    6.1   91.9    2.0    7.0    0.6    6.0    0.0  999.6
20171111  1   -0.4    2.4    4.4    7.2   92.8    3.0   12.0    0.9    5.5    9.1 1002.5
20171110  1    3.2    4.3    7.3    9.5   90.4    3.0   17.8    0.1    7.0   13.2 1006.6
20171109  1    6.2    6.5    7.5    9.2   89.2    3.0   10.3    0.0    7.8    0.8 1017.6
20171108  1    4.0    4.1    6.9   10.0   88.8    2.0    6.7    0.5    7.4    0.0 1019.5
20171107  1   -3.1    0.1    3.0    5.4   97.0    2.0    6.7    0.3    4.5    0.0 1023.3
20171106  1   -2.9    0.5    4.6   11.1   91.1    1.0    9.4    6.5    1.1    0.2 1019.5
20171105  1    2.7    4.9    9.6   13.0   90.0    3.0   12.2    0.0    6.4    3.6 1004.7
20171104  1    2.1    5.4    8.9   12.9   90.0    3.0   12.3    1.8    5.5    0.0 1006.0
20171103  1    4.8    5.7    8.6   10.4   91.4    2.0    8.7    0.0    7.0    0.0 1013.4
20171102  1    3.8    7.4    9.7   13.0   90.3    3.0   10.8    2.1    5.2    0.3 1008.6
20171101  1    8.7    9.1   11.2   12.9   95.1    3.0    9.8    0.0    8.0   18.3 1014.1
20171031  1    3.9    5.9    8.0    9.3   91.7    3.0    9.3    0.0    7.6    2.5 1020.1
20171030  1   -0.9    2.8    6.7   10.1   71.6    3.0   12.2    7.6    2.8    0.0 1018.9
20171029  1    2.2    6.1    9.4   11.8   68.7    5.0   28.3    6.3    3.1    0.8 1001.1
20171028  1    8.4    9.2   10.8   12.5   88.0    4.0   17.3    0.0    7.6    8.4 1007.2
20171027  1    7.2    9.5   11.0   13.6   82.2    3.0   12.5    5.7    4.8    0.8 1018.3
20171026  1    8.0    9.8   11.8   14.4   88.0    3.0    9.8    0.2    7.0    1.1 1018.2
20171025  1    8.2   10.1   14.0   15.8   89.5    3.0   16.1    0.5    6.7    0.3 1014.9
20171024  1    8.5    9.7   12.2   15.7   96.8    3.0   11.5    0.0    7.8    4.3 1017.0
20171023  1    8.7    9.4   10.5   11.9   96.3    3.0    8.1    0.0    7.7    5.0 1012.2
20171022  1    5.7    7.8    9.9   12.0   92.5    3.0   13.2    2.1    4.6    6.5 1007.3
20171021  1    7.0   10.1   12.1   13.2   89.8    3.0    9.4    0.0    7.4    1.3 1009.6
20171020  1    9.8   11.5   12.8   15.1   92.0    3.0    9.8    0.2    7.2    3.8 1008.8
20171019  1    7.2    9.2   13.2   17.4   90.0    2.0    7.0    3.5    6.3    0.0 1011.4
20171018  1    4.2    7.3   11.5   15.7   88.7    2.0    4.6    3.0    4.8    0.0 1013.7
20171017  3    7.2    9.5   14.0   16.5   81.4    3.0   10.6    3.1    6.3    0.0 1016.9
20171016  3    7.3   11.9   15.8   21.1   86.3    2.0    6.7    7.9    0.8    0.0 1018.3
20171015  3    7.3   10.4   15.6   21.9   86.3    2.0    7.2    7.4    1.8    0.0 1021.1
20171014  3   12.5   13.7   15.8   16.4   89.9    3.0    9.8    0.0    7.4    0.0 1021.7
20171013  3    4.5    7.5   12.8   16.3   86.0    3.0    8.2    4.5    6.5    0.0 1020.3
20171012  3    7.8   10.0   13.0   15.1   76.4    4.0   18.7    4.1    5.4    0.0 1012.1
20171011  3   12.0   13.0   14.1   15.8   87.7    4.0   12.9    0.5    7.3    1.3 1009.3
20171010  3    9.5    9.8   12.7   15.3   93.8    3.0    9.9    0.4    7.8    2.1 1009.9
20171009  3   -1.0    1.8    8.4   13.7   94.0    2.0    8.7    1.8    5.6    3.2 1014.6
20171008  3    0.0    2.9   10.0   13.9   81.2    3.0   11.3    9.3    3.0    0.0 1010.8
20171007  3    8.7    9.7   10.8   12.5   94.6    4.0   14.9    0.0    7.6   17.1 1008.1
20171006  3    7.9    9.0   11.4   15.0   85.6    3.0   12.9    5.6    5.2    5.2 1008.8
20171005  3    8.7    8.9   10.7   14.2   91.0    4.0   28.1    1.9    7.3   23.4 1000.2
20171004  3    9.6   10.6   11.7   13.1   82.4    4.0   15.3    0.2    7.8   11.0 1011.9
20171003  3    9.2   10.5   12.1   15.7   88.0    3.0   16.5    4.3    6.3   11.2 1010.8
20171002  3   10.3   11.2   13.6   17.5   83.0    4.0   14.9    0.4    7.4    7.1 1007.5
20171001  3    9.3   10.8   13.5   17.5   80.1    3.0    9.1    8.3    4.0    4.6 1017.4
20170930  3   12.4   12.4   14.6   16.6   89.2    3.0    9.8    0.0    7.6    4.9 1014.3
20170929  3   13.5   14.2   17.1   21.2   84.8    3.0   10.5    6.1    6.3    0.9 1020.0
20170928  3    9.9   12.3   14.2   15.7   91.9    2.0    9.6    0.1    6.9    0.3 1023.3
20170927  3   10.7   12.6   15.1   18.7   87.7    2.0    9.9    2.2    6.9    0.2 1024.3
20170926  3   10.8   11.6   14.6   17.3   87.1    3.0    8.4    0.3    6.8    0.0 1023.7
20170925  3   12.8   13.4   15.4   19.3   86.8    3.0   10.1    2.0    6.7    0.1 1021.9
20170924  3   10.2   11.3   14.3   18.4   92.3    2.0    7.7    1.8    6.8    0.0 1022.1
20170923  3    6.7    9.0   13.7   19.4   84.3    1.0    5.7    6.7    5.6    0.0 1021.8
20170922  3    6.9    9.0   13.8   18.3   85.6    1.0    5.1    2.0    5.5    0.0 1019.3
20170921  3    9.4   10.5   13.8   18.8   85.8    2.0    5.7    3.0    5.6    0.0 1018.9
20170920  3    8.4   10.7   12.5   15.4   87.5    3.0    8.7    0.1    6.9    0.0 1016.2
20170919  3    7.8    8.6   12.2   16.8   85.9    2.0   11.7    6.1    7.0    5.9 1014.1
20170918  3    6.7    8.3   11.9   16.8   84.9    2.0    9.1    8.0    5.7    1.1 1012.1
20170917  3    6.4    8.6   11.2   16.8   89.2    2.0    6.7    1.3    6.3    2.1 1011.4
20170916  3    4.5    7.2   10.7   14.0   89.8    2.0    8.7    0.0    5.8    0.1 1008.4
20170915  3    7.4    9.0   12.7   17.1   79.9    3.0   13.2    8.3    3.7    0.0 1006.0
20170914  3    9.0   10.4   12.6   16.7   78.3    4.0   15.6    6.1    4.6    0.2  995.2
20170913  3    9.0   10.6   13.0   16.9   80.0    5.0   24.2    2.7    5.6    4.2  993.0
20170912  3    8.8   10.3   13.6   17.3   82.3    3.0   13.4    4.4    4.8    9.4  999.5
20170911  3   11.9   12.9   15.2   18.9   71.5    4.0   17.3    5.5    5.9    0.5  993.7
20170910  3    5.3    8.6   14.0   18.5   79.5    3.0   12.3    9.6    3.3    0.0  999.8
20170909  3    7.4   10.5   13.8   16.8   92.6    3.0    9.9    1.3    6.4    3.9  994.4
20170908  3   12.5   12.7   14.3   15.3   90.5    4.0   15.9    0.0    8.0    9.2  999.4
20170907  3   10.2   11.5   14.0   17.6   87.0    3.0   11.3    2.6    6.6    9.1 1009.0
20170906  3   10.2   11.6   15.8   19.8   92.7    3.0   18.9    1.0    6.7    6.0 1008.4
20170905  3    4.8    8.2   16.3   23.0   75.8    2.0    7.7    7.6    5.4   18.3 1015.0
20170904  3    4.2    6.2   13.4   20.4   78.1    2.0    8.1   11.6    1.9    0.0 1014.4
20170903  3    3.7    6.1   12.9   19.5   79.7    2.0    6.0   10.0    1.7    0.0 1015.3
20170902  3    5.3    7.7   13.1   19.7   82.0    2.0    7.7    9.4    3.2    0.0 1017.6
20170901  3    5.6    8.8   13.8   18.7   83.5    2.0    7.2    6.9    4.6    0.2 1018.4
20170831  3    8.2   10.6   16.1   19.8   88.3    3.0   11.8    1.1    6.1    0.1 1010.3
20170830  3   14.2   16.0   21.2   26.1   81.3    2.0    6.7    4.4    6.8   12.1 1006.3
20170829  3    8.7   11.9   19.6   26.6   73.4    2.0    9.1   11.6    2.3    0.0 1012.6
20170828  3    6.4    9.2   17.0   22.6   75.4    1.0    5.1    8.8    3.7    0.0 1018.2
20170827  3    8.7   10.8   16.7   21.5   79.1    3.0   11.7    9.1    3.8    0.0 1015.2
20170826  3    7.6    9.6   17.1   23.1   78.2    2.0    6.7    5.3    6.4    0.0 1014.1
20170825  3    8.0   10.8   16.2   21.6   80.4    3.0    9.8    9.0    5.5    0.0 1015.9
20170824  3   10.5   13.0   16.9   22.3   75.2    3.0   12.3    5.5    6.1    0.0 1012.4
20170823  3    4.4    7.1   15.2   21.8   73.5    2.0   10.5   12.4    2.9    0.0 1016.7
20170822  3    5.9    8.3   14.1   18.6   78.6    2.0    9.9    6.2    5.2    0.0 1019.5
20170821  3    8.0   10.5   14.8   18.7   83.2    3.0   12.3    4.5    5.0    0.2 1019.1
20170820  3    9.9   11.3   14.6   18.7   84.5    3.0   13.4    7.1    4.4    5.1 1016.5
20170819  3    9.6   11.7   14.8   19.4   83.4    3.0   13.9    7.1    4.7    2.5 1011.6
20170818  3   12.6   14.2   17.8   19.9   90.5    3.0   11.8    0.2    7.3    3.7 1009.6
20170817  3    9.4   12.2   18.1   24.0   85.0    3.0   11.3    2.3    6.4    5.3 1014.0
20170816  3    9.3   12.1   17.7   22.6   80.6    2.0    7.5    6.5    5.5    0.0 1018.4
20170815  3   14.3   16.3   20.7   26.7   72.9    3.0   15.9    8.8    6.2    7.4 1014.2
20170814  3    4.8    7.0   16.1   22.4   70.7    2.0    7.9   13.2    2.5    0.0 1020.9
20170813  3    6.3    9.3   15.7   19.6   77.5    3.0    9.8    8.8    3.8    0.0 1017.1
20170812  3   11.5   13.6   15.0   17.1   93.4    3.0    9.3    0.1    6.9    4.9 1010.1
20170811  3   13.1   14.1   15.0   16.3   91.0    2.0    7.5    0.0    7.8    6.3 1013.4
20170810  3    8.1   10.1   16.7   21.7   78.7    2.0    6.2    5.1    5.1    0.0 1017.8
20170809  3    8.7   11.2   17.6   21.5   74.2    3.0   12.3   10.0    4.0    0.0 1012.8
20170808  3    9.3   12.6   18.4   23.6   70.8    2.0   10.8    3.8    6.6    1.9 1010.3
20170807  3    7.7   10.6   17.7   23.8   67.0    2.0    9.8   11.9    4.4    0.0 1017.9
20170806  3    8.0   11.1   15.5   19.8   77.1    3.0   12.7    9.5    4.0    2.6 1018.4
20170805  3   11.2   13.2   16.8   21.0   75.2    3.0    9.4    3.3    4.8    0.3 1010.9
20170804  3   13.7   15.1   18.2   22.0   68.1    4.0   15.6    4.7    5.4    0.2 1006.9
20170803  3   14.1   16.4   19.9   25.5   74.1    4.0   15.4    4.2    6.3    1.2 1007.2
20170802  3   10.3   13.1   18.8   23.6   76.3    2.0   10.6    5.8    6.1    3.1 1014.4
20170801  3   12.4   14.4   18.9   24.2   80.5    2.0    6.7    2.6    7.0    1.3 1012.8
20170731  3   11.8   14.0   19.6   25.4   73.1    2.0    9.8   10.3    5.0    0.2 1011.7
20170730  3   11.9   13.8   20.5   26.3   80.1    3.0   17.3    6.6    6.4    6.0 1005.6
20170729  3   13.8   14.8   17.4   20.9   86.6    3.0   11.7    1.9    7.4    3.4 1008.8
20170728  3    8.9   11.4   15.8   19.9   86.4    2.0   13.5    6.4    5.5    4.2 1007.2
20170727  3   10.6   13.1   17.4   22.3   80.7    2.0   10.6    1.1    7.0    6.4 1003.8
20170726  3   10.9   13.3   17.6   23.4   80.3    3.0   10.3    7.0    5.8    0.0 1004.5
20170725  3   13.0   13.4   15.7   18.0   91.3    3.0   12.3    0.0    7.9   14.1 1004.4
20170724  3   10.5   12.3   16.4   21.1   84.6    2.0    6.0    4.2    7.2   16.1 1007.8
20170723  3   11.1   13.4   18.1   21.3   83.2    2.0   10.8    3.3    6.0    0.6 1009.5
20170722  3   14.5   15.4   18.1   20.5   84.2    2.0    8.6    0.7    7.5    6.6 1012.2
20170721  3   14.1   15.4   18.5   22.0   70.3    2.0    8.4    8.8    3.9    0.0 1012.4
20170720  3   16.0   17.2   20.2   23.7   85.7    2.0   10.1    2.6    6.7    3.8 1007.1
20170719  3    8.8   11.6   20.1   26.4   67.9    3.0   19.4   13.2    5.0   15.5 1012.5
20170718  3    7.3   10.3   16.7   22.0   74.2    2.0    7.0    9.2    4.6    0.0 1020.0
20170717  3    9.2   11.2   16.3   20.7   75.1    2.0    9.6   11.5    3.2    0.0 1019.9
20170716  3   11.5   12.8   16.5   18.5   86.1    3.0    9.8    0.1    7.0    1.0 1018.7
20170715  3   10.4   12.3   15.6   21.1   80.0    2.0    9.4    5.0    6.6    0.0 1018.0
20170714  3    6.3    8.2   15.0   21.7   73.1    2.0   11.7    9.0    5.5    0.2 1014.1
20170713  3    7.7    9.6   14.5   18.2   66.0    3.0   12.2    6.8    5.3    0.0 1018.0
20170712  3   10.9   12.5   14.9   16.7   88.7    3.0   11.5    0.9    7.0    7.3 1007.8
20170711  3   11.2   12.8   16.6   21.9   89.0    2.0   15.1    2.8    6.4   10.0 1007.4
20170710  3   11.6   13.0   15.8   17.4   86.7    2.0    6.3    0.5    7.4    8.0 1007.4
20170709  3    5.5    7.6   16.6   23.3   64.6    2.0    6.7   15.4    3.6    0.0 1013.1
20170708  3    7.7   10.7   18.2   21.5   75.9    3.0   11.0    7.3    5.9    0.0 1013.4
20170707  3   15.5   15.6   20.4   24.8   73.1    2.0    8.7    7.5    6.6    0.1 1011.4
20170706  3    7.6    9.2   17.7   24.1   67.7    2.0    6.2   14.6    4.5    0.0 1017.1
20170705  3   10.1   12.3   15.5   19.6   75.3    2.0    6.2    3.7    6.6    0.0 1017.7
20170704  3    8.6   10.8   15.1   18.3   70.9    3.0   12.5    6.6    5.5    1.5 1017.3
20170703  3    9.2   11.3   16.1   21.4   73.5    4.0   15.8    9.3    5.2    0.9 1016.2
20170702  3    9.2   11.4   15.1   19.1   78.9    3.0   15.3    3.7    5.8    1.6 1013.1
20170701  3   12.7   13.8   15.7   19.9   90.8    3.0   10.3    1.0    7.3    2.1 1003.8
20170630  3   13.4   13.8   14.8   16.0   93.9    3.0   12.5    0.0    8.0   28.1  997.9
20170629  3   14.1   15.6   18.9   23.4   83.4    2.0    8.7    4.6    7.2   19.0  994.0
20170628  3   12.8   13.1   19.2   25.1   74.1    3.0   13.2    5.8    6.6    2.0  998.6
20170627  3    4.1    7.2   15.2   20.8   68.5    2.0    8.2   11.0    5.1    0.6 1010.0
20170626  3    6.2    8.5   15.0   18.7   70.0    3.0   13.2   12.7    3.2    0.0 1009.7
20170625  3   12.3   13.5   15.9   19.2   82.7    3.0   12.9    1.0    7.3    0.2 1006.4
20170624  3   13.6   14.5   16.3   19.2   86.7    3.0   14.2    1.1    7.4    7.7 1008.9
20170623  3   14.7   15.2   17.5   21.0   83.3    4.0   13.4    1.2    7.5    1.3 1008.8
20170622  3   10.1   11.4   18.3   25.3   79.5    3.0   21.8    5.6    6.6   20.6 1008.1
20170621  3    5.4    7.2   15.3   21.0   67.5    2.0    7.5   14.1    4.4    0.0 1016.8
20170620  3    7.0   10.6   18.5   23.4   69.8    3.0   10.3   14.6    5.1    0.0 1016.4
20170619  3   11.4   14.4   22.5   29.1   70.2    1.0    5.8   11.7    1.9    0.0 1018.6
20170618  3   12.9   14.7   19.5   25.2   77.0    2.0    7.2    8.8    4.3    0.0 1022.8
20170617  3   11.2   12.9   16.4   20.3   73.5    4.0   12.9   10.3    4.4    0.0 1020.5
20170616  3   11.5   13.4   15.5   18.7   75.4    4.0   17.3    7.8    5.5    0.4 1013.5
20170615  3    7.5   11.1   18.9   25.7   71.3    3.0    9.3    9.8    5.7    6.6 1013.0
20170614  3    9.0   11.5   16.1   20.8   74.1    2.0    8.2   10.8    4.5    0.0 1017.8
20170613  3   12.5   13.0   14.7   17.0   78.2    4.0   13.5    2.1    6.8    0.8 1014.2
20170612  3   12.7   13.6   15.8   18.5   77.4    4.0   15.4    3.4    6.1    0.5 1009.4
20170611  3   11.0   13.9   20.3   26.5   70.8    3.0   11.8    9.3    5.4    2.5 1013.1
20170610  3    5.7    8.8   16.3   21.3   75.4    2.0   11.3    7.1    4.7    0.0 1016.8
20170609  3    7.5   10.9   16.5   23.9   79.2    3.0   13.9    4.4    5.6    8.5 1009.5
20170608  3    9.3   10.9   14.5   17.4   80.6    3.0   11.8    0.5    6.1    0.5 1012.3
20170607  3    9.8   11.1   12.3   14.1   78.7    4.0   15.9    2.3    6.6    5.8 1004.4
20170606  3   10.5   11.9   16.5   23.7   71.5    3.0   18.0    9.7    5.7    1.1 1000.6
20170605  3    5.1    8.7   15.7   21.1   62.0    2.0    8.7   15.1    3.8    0.0 1011.2
20170604  3    8.5   10.8   15.6   18.9   79.1    3.0   14.9    7.3    5.5    4.5 1010.0
20170603  3   12.8   13.7   16.1   19.2   79.1    3.0    9.3    2.5    7.3   22.9 1011.5
20170602  3    0.2    4.0   16.4   24.3   54.3    2.0    7.2   15.3    1.9    0.0 1016.6
20170601  3    2.0    6.7   13.2   19.1   67.2    3.0   10.8   14.9    2.9    0.0 1020.1
20170531  3    5.1    7.7   14.9   18.0   67.9    4.0   15.4   10.8    4.3    0.0 1017.3
20170530  3   14.3   15.2   19.0   24.7   81.4    3.0   15.1    5.4    5.9    0.0 1009.7
20170529  3   13.2   13.6   18.6   25.0   73.5    2.0    7.4    8.3    6.4   10.0 1012.0
20170528  3   10.9   13.3   20.4   27.0   63.4    3.0   11.0   12.7    4.2    0.0 1015.3
20170527  3    7.7   11.5   20.5   26.1   59.6    3.0   11.5   15.4    0.2    0.0 1019.3
20170526  3    9.8   13.1   17.8   24.5   71.5    2.0    9.9   10.9    3.2    0.0 1020.5
20170525  3    9.2   10.6   14.9   20.0   79.0    3.0   11.5    9.8    5.4    0.0 1020.4
20170524  3    9.0   10.9   13.3   15.9   72.3    4.0   14.1    4.5    6.0    0.0 1019.1
20170523  3    8.4   10.4   16.5   24.4   67.2    3.0   14.4   11.2    5.6    3.1 1014.0
20170522  3    7.0    8.6   16.3   22.0   61.1    2.0    6.3    8.2    3.9    0.0 1019.2
20170521  3    4.1    6.7   14.3   20.5   67.9    2.0    7.4   11.0    3.3    0.0 1024.5
20170520  3    5.4    8.8   14.0   18.4   75.4    3.0    8.9    6.5    6.4    0.0 1017.9
20170519  3   11.2   11.4   16.5   22.1   86.0    3.0   11.8    2.3    7.5   37.1 1008.4
20170518  3   13.0   13.8   19.3   26.1   70.5    3.0   11.0    9.8    5.3    0.3 1009.5
20170517  3   14.3   15.1   20.4   26.1   66.0    3.0   10.8    8.8    5.2    0.0 1018.6
20170516  3   11.4   12.7   14.7   16.3   82.5    3.0    8.7    0.0    7.6    4.9 1025.9
20170515  3   10.6   11.4   14.8   19.2   66.2    2.0    8.9    8.2    6.1    0.5 1025.9
20170514  3    6.4    8.2   15.3   21.0   72.7    2.0   13.0    9.0    4.3    1.3 1017.8
20170513  3    9.1   10.1   14.5   20.3   84.0    2.0    8.4    1.6    6.9    1.6 1008.9
20170512  3   10.2   11.0   14.0   19.8   76.6    3.0   10.6    2.4    7.3    8.8 1002.0
20170511  3    0.5    3.3   11.2   18.1   67.3    3.0   10.8   13.9    4.0    0.0 1002.5
20170510  3    1.2    3.8    7.7    9.9   78.4    3.0    9.1    0.7    6.9    0.1 1007.4
20170509  3   -2.9   -1.0    6.6   12.9   62.4    3.0   10.6    9.9    5.1    0.0 1016.9
20170508  3   -1.8   -0.2    8.2   12.5   70.5    3.0   13.4    3.3    5.8    0.3 1016.6
20170507  3    1.3    2.8   11.0   19.0   76.9    2.0    9.9   10.4    3.5    0.0 1012.1
20170506  3    3.2    6.3   10.8   15.8   81.7    2.0    7.2    2.9    6.0    0.0 1014.6
20170505  3    5.7    6.0    7.2    8.0   90.6    3.0   13.0    0.0    7.9    6.8 1019.8
20170504  3    5.7    6.2    7.9   11.1   77.4    4.0   14.6    0.1    7.8    3.8 1021.2
20170503  3    7.1    7.5   10.3   14.3   74.8    4.0   13.4    4.2    7.1    0.0 1021.6
20170502  3    6.8    7.3    9.5   14.0   71.8    4.0   15.6    1.5    7.4    3.5 1017.6
20170501  3    4.5    5.9   11.2   16.2   56.9    4.0   14.2    7.2    6.0    0.0 1013.4
20170430  3   -0.8    2.2    8.9   14.5   61.4    4.0   15.1   13.6    1.8    0.0 1016.3
20170429  3   -1.6    1.3    5.7    9.8   78.5    2.0   11.7    3.9    3.9    0.2 1015.2
20170428  3   -0.9    1.8    7.0   10.9   76.6    3.0    8.6    1.9    6.5    2.1 1010.9
20170427  3   -4.1   -1.0    5.6   10.2   70.7    2.0   11.3    5.0    5.1    0.0 1012.1
20170426  3   -3.2   -0.2    4.8    9.4   76.6    2.0   11.0    8.7    3.1    1.4 1009.4
20170425  3   -0.4    2.4    4.9    8.3   75.5    3.0   13.4    5.0    5.4    2.8 1002.9
20170424  3    0.6    2.5    6.5   11.4   77.9    4.0   16.1    0.3    7.2    4.6 1009.4
20170423  3   -0.2    2.3    5.7    9.5   71.7    4.0   17.5    4.3    5.8    0.6 1018.4
20170422  3    2.6    4.3    6.2    9.0   74.3    4.0   20.7    7.1    4.7    2.6 1017.5
20170421  3    3.8    6.0    9.4   13.8   79.2    4.0   17.8    0.5    7.6    2.1 1021.8
20170420  3   -5.7   -2.8    5.2   10.6   64.1    2.0    9.1    8.3    5.7    0.0 1032.5
20170419  3   -6.6   -3.9    2.5    8.3   70.2    2.0    9.8    6.7    3.1    0.0 1034.2
20170418  3   -4.2   -1.3    3.7    7.4   73.9    3.0   13.2    3.6    6.0    0.1 1025.1
20170417  3   -1.0    1.5    5.0    9.5   79.2    2.0   13.5    7.3    4.6    1.3 1014.1
20170416  3    1.0    3.4    6.5   10.5   75.5    3.0   11.7    3.8    6.0    0.2 1012.3
20170415  3    2.3    3.7    7.4   10.7   79.1    4.0   19.7    4.6    5.8    7.6 1007.0
20170414  3    2.3    4.0    7.4   11.1   82.1    3.0   12.2    2.8    5.6    7.4 1011.0
20170413  3    3.7    5.2    7.4   10.8   77.5    4.0   17.3    3.4    6.3    2.1 1008.1
20170412  3    4.6    6.1    8.0    9.5   88.6    4.0   12.7    0.0    7.5   10.8 1008.5
20170411  3    2.0    4.3    7.3   10.5   74.4    3.0   14.7    6.1    5.7    2.9 1018.8
20170410  3    2.6    5.3    9.1   12.7   71.8    4.0   15.9    1.3    5.3    1.5 1014.8
20170409  3   -0.2    3.3   11.6   19.4   66.8    2.0    6.2   12.5    1.1    0.0 1020.8
20170408  3    1.8    5.7    9.9   13.8   74.5    3.0    9.1    2.2    7.2    0.0 1022.2
20170407  3    7.2    7.4    8.7   10.8   85.7    4.0   14.7    0.1    7.7    0.0 1018.5
20170406  3    1.1    3.9    7.5   11.3   72.8    4.0   13.9    6.7    4.8    0.0 1021.1
20170405  3   -1.7    1.5    6.9   11.2   77.2    4.0   15.9    2.3    5.4    0.1 1020.0
20170404  3   -0.6    2.8    8.7   15.2   69.1    2.0    6.3    9.9    1.5    0.0 1023.8
20170403  3    1.5    5.5    9.9   13.8   64.8    2.0    7.7    7.2    4.3    0.0 1024.8
20170402  3    5.2    7.4   11.4   17.1   76.2    3.0   11.1    8.3    4.7    0.0 1016.7
20170401  3    5.8    8.4   14.3   19.0   71.2    2.0    5.7    5.4    6.5    0.0 1010.1
20170331  3    6.5   10.5   15.8   22.1   63.5    3.0   11.1    9.9    6.0    0.0 1012.5
20170330  3    7.1    9.8   14.2   20.1   78.0    2.0   11.3    2.6    6.5    0.0 1020.4
20170329  3    1.6    5.7   10.4   12.1   84.6    3.0   10.1    0.0    7.2    3.5 1018.5
20170328  3   -2.2    1.6   10.6   19.4   60.8    2.0   10.1   11.8    1.7    0.0 1018.2
20170327  3   -2.6    0.9    9.2   18.3   65.3    1.0    6.7   11.3    2.0    0.0 1023.4
20170326  3   -1.4    0.4    6.9   13.7   77.0    1.0    5.1    8.6    4.8    0.0 1025.0
20170325  3   -3.3   -1.4    5.9   12.8   76.8    2.0    8.9    8.4    6.5    0.0 1028.3
20170324  3   -5.4   -2.6    6.1   13.6   64.4    2.0    7.5   11.5    2.9    0.0 1029.7
20170323  3   -2.2    1.1    5.3    7.9   69.4    3.0   11.7    0.0    6.0    0.2 1019.9
20170322  3   -2.4    1.2    6.6   12.1   53.7    3.0    8.4   11.4    2.7    0.0 1014.6
20170321  3   -0.7    3.2    7.2   10.9   74.5    3.0   19.0    6.9    5.0    0.0 1004.2
20170320  3    7.3    7.9   10.1   11.9   91.3    4.0   15.1    0.0    7.9    7.0 1000.5
20170319  3   -4.0   -1.3    5.3   10.1   94.4    3.0   12.7    0.0    6.9   23.5 1002.0
20170318  3   -1.4    2.2    5.5    8.4   80.5    5.0   22.1    1.4    5.7    0.6  998.6
20170317  3    4.2    5.0    7.1    9.2   76.5    4.0   16.8    1.2    7.1    8.5 1007.8
20170316  3   -0.3    2.6    8.5   14.7   74.8    3.0   10.3    5.2    4.7    0.0 1020.0
20170315  3    1.1    4.3    7.9   11.4   75.1    3.0   13.4    9.0    4.6    0.0 1026.5
20170314  3    4.0    4.2    8.6   13.1   84.4    3.0   11.7    1.9    7.5    0.1 1025.6
20170313  3   -1.8    0.2    4.3    9.1   78.8    3.0    7.5    1.9    6.3    0.1 1023.2
20170312  3   -0.1    1.2    4.7    9.5   74.1    3.0   11.5    6.4    5.0    0.0 1020.5
20170311  3    1.2    2.7    6.1   10.6   80.7    2.0    8.1    6.9    4.8    0.0 1023.2
20170310  3    0.7    3.1    6.7   10.1   82.3    4.0   13.4    5.9    5.6    0.0 1022.2
20170309  3    4.1    4.5    6.1    9.2   92.5    3.0   16.8    0.1    7.6    9.3 1012.8
20170308  3    0.2    1.2    4.5    9.1   82.6    3.0   13.9    0.1    7.9    3.6 1013.4
20170307  3    0.4    1.1    2.2    3.0   83.5    2.0    9.3    0.0    7.6    0.0 1012.2
20170306  3    0.6    2.9    4.4    7.0   89.8    3.0   13.4    0.0    7.5    0.1 1000.3
20170305  3   -0.3    3.3    7.5   10.0   80.0    3.0   13.4    0.8    5.9    0.0  995.6
20170304  3    1.0    3.7    8.5   13.6   74.4    2.0    7.2    2.1    7.5    1.7  993.8
20170303  3    0.6    2.4    6.3   10.0   74.3    3.0   10.6    7.2    6.3    0.4 1006.0
20170302  3    0.8    2.6    4.6    7.2   89.8    3.0   14.1    0.5    7.2    4.8  999.7
20170301  3   -0.8    2.5    4.1    7.3   84.7    3.0   11.1    1.4    5.6    6.0  994.9
20170228  3    2.0    3.4    6.0    9.3   75.9    4.0   18.0    1.5    6.5    1.6  987.0
20170227  3    7.4    9.0   10.4   12.1   72.3    4.0   15.4    0.0    6.9    1.2  996.8
20170226  3    4.6    5.4    7.0    9.3   94.8    4.0   11.8    0.0    7.9    1.9 1005.5
20170225  3   -2.2   -0.6    3.0    5.5   88.7    4.0   15.3    0.0    6.3    8.0 1013.4
20170224  3   -0.7    1.4    3.3    6.3   80.5    4.0   17.8    5.2    4.3    0.4 1002.5
20170223  3    3.6    4.3    5.9    9.4   87.7    4.0   24.0    0.0    7.0   17.7  988.6
20170222  3    3.7    5.5    7.6    9.8   82.5    4.0   17.3    0.1    6.9    9.1  996.7
20170221  3    0.0    3.4    6.6    8.7   84.5    4.0   15.3    4.5    5.8    7.8 1006.6
20170220  3    4.9    5.6    7.7    9.8   96.2    4.0   15.4    0.0    8.0    7.1 1008.0
20170219  3    1.4    3.1    4.8    6.3   92.4    3.0    9.6    0.0    7.6    3.1 1016.0
20170218  3   -1.5    1.6    3.9    4.9   90.8    3.0    9.8    0.0    7.0    0.0 1023.0
20170217  3    1.8    3.6    5.3    6.5   95.5    3.0    9.4    0.0    7.7    0.5 1019.2
20170216  3   -4.7   -2.3    4.8    8.6   86.0    3.0   10.6    5.2    5.5    0.8 1024.9
20170215  3   -7.4   -3.4    2.0    9.8   72.4    2.0    4.1    8.9    0.2    0.0 1031.0
20170214  3   -8.4   -6.9   -1.0    6.1   73.8    2.0    7.0    8.5    0.8    0.0 1033.2
20170213  3   -7.0   -5.2   -1.9    3.6   77.6    3.0    7.7    8.5    1.4    0.0 1035.4
20170212  3   -5.9   -3.8   -1.2    0.7   72.5    3.0   10.1    0.4    5.3    0.0 1031.6
20170211  3   -2.8   -2.7   -1.7   -0.5   72.7    3.0   11.3    0.0    7.8    0.0 1025.8
20170210  3   -6.5   -5.7   -3.3   -1.0   77.4    3.0   10.3    1.9    7.0    0.0 1027.0
20170209  3   -6.6   -5.6   -3.5   -1.1   74.9    3.0    9.3    4.1    6.5    0.0 1031.2
20170208  3   -4.1   -4.2   -2.5   -1.8   72.9    3.0    9.1    0.0    8.0    0.0 1027.9
20170207  3   -2.0   -1.8   -0.1    1.0   74.9    4.0   13.4    0.0    7.7    0.0 1022.5
20170206  3   -3.0   -0.3    1.7    4.0   85.3    3.0   10.8    2.3    5.9    0.0 1018.2
20170205  3    1.6    1.2    2.5    4.2   97.9    2.0    8.2    0.0    7.8    0.0 1003.8
20170204  3    1.1    3.1    5.0    7.1   96.5    2.0    6.7    0.3    6.8    0.1 1000.7
20170203  3    0.5    0.4    1.9    4.2   99.2    3.0    8.6    0.0    8.0    0.5 1003.4
20170202  3    0.6    0.7    1.8    3.7   93.8    3.0    9.1    0.1    7.9    0.2 1009.1
20170201  3    0.2    0.1    1.1    2.1   93.0    3.0   13.2    0.0    8.0    0.0 1017.3
20170131  3    0.4    0.7    1.3    2.0   92.7    2.0    7.9    0.0    8.0    0.0 1015.2
20170130  3    0.0    0.4    1.6    4.2   94.4    3.0    8.1    0.0    8.0   10.5 1010.8
20170129  3   -1.8   -1.8    3.7    6.1   89.7    3.0   12.2    0.0    7.4    0.8 1015.8
20170128  3   -6.0   -3.7   -1.0    3.2   74.8    2.0    6.7    7.3    2.6    0.5 1016.8
20170127  3   -4.8   -2.7   -0.2    3.2   73.9    3.0    9.8    7.5    1.5    0.0 1020.3
20170126  3   -2.7   -1.3    0.5    3.2   84.8    3.0   11.7    4.8    5.9    0.0 1027.5
20170125  3   -3.6   -2.5   -1.3   -0.2   95.0    2.0    5.1    0.4    7.3    0.0 1030.8
20170124  3   -0.8   -0.8    0.2    0.7   97.5    2.0    5.8    0.0    8.0    0.0 1026.9
20170123  3   -1.4   -1.6   -0.1    1.1   91.6    2.0    5.7    0.0    8.0    0.0 1023.8
20170122  3   -1.2   -1.3    0.6    2.8   91.1    2.0    7.7    0.1    7.8    0.0 1026.5
20170121  3   -0.6    0.1    2.4    4.0   95.2    1.0    4.1    0.0    7.8    0.0 1030.4
20170120  3   -1.3    0.2    1.1    2.3   94.9    1.0    3.1    0.0    8.0    0.2 1033.9
20170119  3   -6.5   -3.4   -0.3    2.0   78.4    2.0    4.6    0.0    6.8    0.1 1036.3
20170118  3   -5.7   -4.4   -2.3   -0.8   87.5    2.0    5.5    0.0    6.8    0.0 1038.2
20170117  3  -10.6   -8.5   -3.2    1.8   90.1    1.0    3.3    2.1    4.7    0.0 1035.4
20170116  3  -10.4   -8.1   -4.1    1.3   91.5    2.0    5.1    7.6    0.6    0.0 1025.8
20170115  3   -8.9   -6.2   -0.6    2.2   87.0    3.0    9.4    2.6    4.3    0.0 1014.4
20170114  3   -1.2    0.5    1.3    3.1   89.6    3.0   12.2    3.8    5.5    0.0 1001.2
20170113  3   -1.0    0.3    1.4    4.0   93.5    3.0   11.5    2.6    6.4    1.4  989.6
20170112  3    0.0    1.8    3.5    5.2   86.5    4.0   19.5    0.9    6.3   11.0  997.5
20170111  3    1.6    2.4    4.1    6.7   87.7    4.0   18.5    0.2    7.1   10.6  998.1
20170110  3    0.8    1.3    2.4    3.5   87.1    3.0   10.5    0.0    7.8    0.0 1007.9
20170109  3   -0.1    0.6    1.4    2.8   87.2    3.0   10.1    0.0    7.3    0.0 1020.8
20170108  3   -0.1    0.5    1.6    2.5   98.8    2.0    4.6    0.0    7.8    0.0 1027.2
20170107  3   -4.2   -4.2   -1.5    1.2   88.3    3.0    9.8    0.0    7.8    1.2 1026.3
20170106  3  -13.5  -11.3   -6.6   -3.4   75.6    2.0    7.5    7.4    3.3    0.0 1038.7
20170105  3  -11.9   -9.6   -3.6   -1.0   72.7    2.0   10.6    7.1    1.6    0.0 1029.2
20170104  3   -2.3   -1.3    3.6    6.1   70.6    4.0   21.8    2.9    4.8    0.3 1003.6
20170103  3    0.7    2.1    4.6    7.5   94.3    4.0   22.3    0.0    7.7   25.1 1010.6
20170102  3   -2.2    0.2    1.9    3.3   91.4    2.0   11.5    4.0    5.3    2.6 1014.8
20170101  3    1.6    1.8    3.5    4.4   93.5    3.0   10.8    0.0    8.0    1.6 1013.8
20161231  3   -0.5   -0.5    1.8    3.6   99.4    3.0    9.8    0.0    8.0    0.0 1025.8
20161230  3   -6.0   -2.3    0.4    4.1   87.5    2.0    7.2    6.9    1.4    0.0 1033.1
20161229  3   -4.7   -1.2    3.0    5.7   80.0    2.0    9.9    6.3    3.6    0.0 1038.4
20161228  3    4.7    5.6    7.0    7.8   83.2    3.0   10.1    1.9    6.8    0.0 1039.1
20161227  3    4.6    6.0    7.8    9.0   80.2    5.0   20.4    0.8    6.9    0.0 1029.0
20161226  3    2.0    3.5    7.9   11.7   82.2    5.0   28.6    0.8    6.7    7.8 1016.0
20161225  3    4.5    5.2    8.9   11.6   94.0    4.0   13.0    0.0    7.9    2.9 1013.9
20161224  3    1.5    3.2    6.4    7.8   84.5    4.0   20.6    0.2    7.3   16.7 1015.3
20161223  3    3.6    4.5    6.1    7.5   86.8    4.0   15.8    0.0    7.4    0.9 1025.4
20161222  3    2.7    3.0    4.3    6.0   95.6    3.0    9.4    0.0    8.0    1.2 1024.4
20161221  3   -2.8   -0.5    2.9    5.9   83.4    4.0   10.8    3.5    6.3    2.6 1022.1
20161220  3    0.0    0.0    1.5    3.3   89.2    3.0   12.3    0.0    7.7    0.0 1025.3
20161219  3    0.2    3.3    5.1    6.3   81.8    2.0    6.5    0.0    7.5    0.0 1029.4
20161218  3    4.1    5.2    6.6    8.1   94.0    2.0    7.2    0.0    7.7    0.7 1030.4
20161217  3    0.7    0.5    2.3    6.2   97.3    2.0    7.0    0.0    8.0    0.9 1033.5
20161216  3   -1.6   -0.5    0.3    1.3   91.1    3.0   11.7    0.0    7.5    0.0 1029.6
20161215  3    0.4    0.5    1.5    3.6   97.1    4.0   11.3    0.0    8.0    0.0 1028.2
20161214  3    3.4    3.3    5.8    7.3   99.0    2.0    7.2    0.0    8.0    0.4 1023.2
20161213  3    4.9    5.2    6.0    7.3   93.6    2.0    5.7    0.5    7.9    2.0 1021.6
20161212  3    3.3    4.1    5.7    8.2   87.9    2.0   11.7    0.0    7.3    0.0 1021.6
20161211  3    5.1    6.2    7.5    8.9   95.2    3.0   13.0    0.0    7.6    8.1 1010.9
20161210  3    7.4    7.6    9.0   10.7   95.5    3.0    9.8    0.0    7.8   16.0 1016.7
20161209  3    6.4    6.8    8.8   10.3   97.2    3.0   11.0    0.0    7.9    0.1 1021.0
20161208  3    4.7    6.4    7.7    8.8   78.0    3.0   11.7    0.0    6.0    0.5 1021.6
20161207  3   -0.9    0.4    3.9    7.4   81.6    3.0   10.6    0.0    5.9    0.1 1026.3
20161206  3   -1.0    1.1    2.6    3.7   78.8    2.0    6.5    0.0    7.3    0.0 1028.9
20161205  3   -8.8   -5.4   -1.1    4.1   87.7    1.0    4.6    7.3    2.5    0.0 1025.7
20161204  3   -6.1   -4.7   -0.5    3.2   96.7    1.0    2.6    0.1    5.2    0.0 1027.9
20161203  3   -8.2   -5.7   -1.8    5.5   95.1    1.0    2.1    6.7    1.4    0.0 1024.5
20161202  3   -7.2   -4.4    3.0    7.9   75.5    3.0   17.0    7.4    0.6    0.0 1018.2
20161201  3    5.8    6.2    7.8    9.0   92.2    4.0   20.1    0.0    7.6    1.8 1014.8
20161130  3   -0.9    0.1    3.6    6.5   86.8    3.0   10.5    0.0    7.7    6.6 1023.0
20161129  3  -10.2   -7.2   -2.4    2.8   83.4    2.0    8.7    7.4    2.2    0.0 1031.4
20161128  3   -9.2   -6.5   -1.1    3.9   81.9    2.0    6.2    7.5    1.0    0.0 1029.4
20161127  3   -3.1   -0.2    4.6    7.6   77.2    3.0   11.1    7.2    2.1    0.0 1017.1
20161126  3   -0.4   -0.8    2.6    7.4   98.5    2.0    9.4    0.1    7.8    0.3 1016.9
20161125  3   -5.2   -3.9    0.8    3.0   99.8    1.0    3.6    0.0    6.3    0.0 1024.3
20161124  3   -5.0   -3.0    3.3    6.9   93.5    2.0    6.0    6.6    4.9    0.0 1024.3
20161123  3    0.2    2.3    8.6   12.3   90.0    1.0    4.5    1.5    5.3    0.0 1017.5
20161122  3    3.5    7.2   10.6   14.3   77.5    2.0    8.7    0.0    6.8    0.0 1008.3
20161121  3    7.3    9.2   11.5   15.7   72.3    3.0   12.7    0.2    7.1    0.0 1001.4
20161120  3   -0.2    1.2    6.5   12.5   78.0    4.0   18.0    0.9    5.0    2.8  997.8
20161119  3   -0.1    2.2    5.0    7.8   81.9    3.0   12.5    1.9    3.7    0.0 1003.0
20161118  3    1.1    2.5    6.6   10.9   85.4    4.0   14.2    1.2    6.1    4.7  993.7
20161117  3    3.5    5.6    8.1   10.8   88.6    3.0   14.4    1.0    6.6   10.7  999.7
20161116  3   -1.1    2.6    8.4   11.7   94.6    3.0   11.0    0.1    6.5    0.7 1009.8
20161115  3    0.2    2.5    6.0   10.5   97.9    3.0   10.6    0.0    7.5    0.3 1018.3
20161114  3   -8.6   -4.1    0.5    4.1   79.9    3.0   10.6    5.3    4.3    1.6 1029.2
20161113  3   -7.4   -3.6   -1.1    2.0   84.8    3.0    9.8    2.7    4.2    0.0 1027.8
20161112  3   -6.5   -3.6   -2.3   -1.2   97.4    2.0    8.1    2.3    4.8    0.0 1025.5
20161111  3   -6.1   -2.4    1.2    5.6   91.2    2.0    5.7    6.6    2.4    0.0 1018.3
20161110  3   -1.1    0.0    1.0    1.6   94.8    2.0    6.3    0.0    7.6    0.8 1005.7
20161109  3   -8.0   -5.9   -1.4    1.0   94.8    2.0    5.7    0.1    5.7    0.0 1004.4
20161108  3   -3.2   -1.8   -0.4    0.6   90.9    3.0    9.8    0.0    7.4    0.6 1007.5
20161107  3    0.1    0.6    3.0    4.7   85.1    3.0    9.4    1.0    7.0    2.5 1006.3
20161106  3    2.0    3.8    5.6    6.9   92.5    3.0    8.7    0.0    7.3    1.1  996.3
20161105  3    0.7    2.7    5.0    7.0   95.0    2.0    8.6    0.0    6.2    1.5  997.6
20161104  3    0.8    4.3    7.5    9.9   84.7    3.0   12.2    1.1    6.9    0.1 1009.2
20161103  3   -5.9   -3.0    4.1    7.9   85.5    2.0    7.5    6.0    4.7    0.4 1017.3
20161102  3   -1.3    1.3    5.6    8.6   86.0    3.0   10.8    1.7    4.0    1.3 1010.9
20161101  3    3.3    5.5    9.4   11.7   92.5    3.0   11.3    0.0    5.7    3.4 1015.8
20161031  3    7.6    7.6   11.2   13.3   95.9    2.0    6.2    0.0    7.5    0.3 1025.6
20161030  3    2.8    5.8    9.7   12.9   88.0    2.0    7.7    4.8    5.7    0.6 1027.9
20161029  3    5.0    7.6    9.8   13.1   81.4    3.0   12.7    1.8    5.6    0.0 1028.6
20161028  3    4.9    7.9   11.5   13.9   90.2    3.0   12.3    0.2    7.4    1.4 1025.4
20161027  3    8.0    8.5   11.2   13.8   92.2    3.0    9.6    0.0    7.6    0.2 1026.3
20161026  3   -0.3    0.7    5.4    9.4   91.8    2.0    7.0    1.6    6.3    0.3 1026.8
20161025  3   -2.2   -0.3    6.4   10.9   94.3    2.0    6.2    3.9    4.4    0.0 1021.3
20161024  3    1.1    3.0    5.8    7.4   97.1    2.0    6.3    0.0    7.3    0.0 1015.8
20161023  3    3.7    4.8    7.8   11.3   89.1    2.0    7.0    3.8    6.8    0.0 1013.7
20161022  3    2.3    4.1    7.2    9.6   94.4    2.0    5.1    0.4    6.8    2.6 1012.4
20161021  3    6.3    6.8    8.1    9.9   94.9    2.0    6.2    0.0    7.4    1.5 1011.5
20161020  3    4.0    5.1    7.3    9.0   92.8    2.0    8.2    0.0    7.3    1.8 1012.1
20161019  3    1.0    3.9    7.7    9.6   94.5    2.0    7.4    0.1    6.5    0.2 1011.2
20161018  3    8.5    9.3   12.1   15.8   89.2    3.0    9.8    3.0    7.1    4.1 1016.3
20161017  3    9.5    9.4   10.6   11.8   95.0    3.0   10.8    0.0    8.0    2.0 1020.4
20161016  3    9.7    9.9   11.3   13.1   96.5    2.0    9.1    0.0    7.8    0.0 1020.7
20161015  3    6.5    7.1    8.6    9.9   89.2    3.0   11.0    0.0    7.9    0.4 1011.9
20161014  3    5.2    6.2    8.2   10.9   76.5    4.0   12.3    1.9    7.0    0.2 1013.9
20161013  3    4.6    5.6    8.0   10.6   80.0    3.0   12.5    0.2    7.1    0.0 1021.0
20161012  3    5.6    6.6    8.8   10.9   82.5    3.0   11.3    0.6    7.3    0.0 1022.2
20161011  3    7.9    8.5    9.6   11.1   92.8    3.0    9.8    0.0    7.8    0.8 1020.7
20161010  3   -0.8    0.3    7.5   12.0   96.0    2.0    5.1    1.0    6.8    2.8 1022.2
20161009  3   -0.3    1.5    6.5    9.3   97.3    2.0    6.7    0.0    6.5    1.7 1022.7
20161008  3   -0.8    2.3    8.0   12.9   83.0    2.0    8.9    4.5    3.4    0.0 1022.9
20161007  3    3.5    5.2   10.2   11.5   92.0    3.0    9.1    0.0    7.6    0.9 1021.5
20161006  3    7.2    8.3   10.0   11.1   82.2    3.0   11.8    0.0    8.0    0.1 1024.2
20161005  3    4.4    6.4   10.0   13.4   68.9    3.0   11.7    7.7    4.3    0.0 1033.3
20161004  3    5.8    7.7   11.9   15.6   80.1    3.0   12.2    8.0    3.0    0.0 1034.5
20161003  3    4.0    5.5   11.5   16.3   90.8    2.0    7.7    3.8    4.3    0.0 1021.7
20161002  3    5.5    7.5   12.1   17.3   85.8    2.0    9.8    6.5    4.5    3.1 1008.8
20161001  3    5.0    8.4   11.9   15.6   88.3    2.0    7.4    2.2    6.6    0.0 1008.3
20160930  3    5.8    9.7   13.4   18.0   81.4    3.0   13.5    3.2    5.2    0.0 1009.7
20160929  3   12.2   13.4   17.0   21.8   76.1    4.0   19.2    2.1    6.8    3.6 1009.7
20160928  3   11.4   13.5   17.3   21.2   70.8    4.0   14.7    4.9    6.3    0.0 1017.2
20160927  3    6.9    9.1   15.6   21.6   78.0    2.0    5.8    8.8    3.2    0.0 1023.2
20160926  3    8.8   11.6   16.1   20.4   86.6    2.0    6.2    2.0    6.5    1.0 1020.6
20160925  3    8.2   10.8   16.7   23.5   66.7    3.0   12.0   11.0    3.8    0.2 1017.5
20160924  3    2.9    7.4   14.3   20.7   77.3    2.0    7.7   10.0    4.0    0.0 1022.2
20160923  3    5.9    9.3   14.9   21.1   81.2    2.0   10.3    6.3    4.3    0.0 1020.6
20160922  3    7.4   10.4   14.9   20.1   72.5    2.0    6.7    5.8    6.3    0.0 1019.9
20160921  3    8.2   10.5   14.9   20.0   82.5    2.0    5.7    1.6    5.9    0.0 1019.0
20160920  3    9.6   12.0   14.8   18.9   79.4    2.0    5.7    2.5    6.6    0.0 1018.8
20160919  3    4.2    6.8   13.6   19.3   75.8    2.0    6.9    7.8    3.6    0.0 1018.0
20160918  3    7.6    9.2   14.9   18.3   77.2    3.0    9.8    4.8    3.5    0.0 1016.7
20160917  3   13.3   14.4   17.8   20.8   85.6    3.0   11.3    5.8    6.4    0.8 1014.0
20160916  3   10.1   13.4   17.3   21.3   84.3    2.0    7.0    3.3    5.9   13.1 1011.0
20160915  3   13.7   15.7   20.8   26.3   63.1    3.0   12.2   11.8    0.8    0.0 1013.8
20160914  3   14.4   16.8   23.1   29.5   65.2    3.0    9.6   11.1    0.2    0.0 1015.1
20160913  3   14.8   18.1   23.8   30.1   62.0    3.0   10.1   11.6    0.0    0.0 1015.4
20160912  3   13.1   15.1   21.5   28.8   75.7    2.0    6.7   11.7    0.3    0.0 1017.0
20160911  3   13.7   15.8   19.3   23.6   83.9    2.0    7.2    7.7    5.5    0.0 1015.9
20160910  3    9.8   12.8   20.0   26.1   74.3    2.0    8.2   10.6    1.5    0.0 1014.6
20160909  3   10.1   13.2   18.7   23.0   80.9    2.0    8.7    8.0    2.4    0.0 1014.9
20160908  3   11.1   13.5   20.3   27.6   76.0    2.0    9.3   11.9    1.2    0.0 1011.0
20160907  3   10.2   13.1   18.6   25.1   73.1    2.0    6.7   11.8    3.4    0.0 1020.3
20160906  3    7.0    9.6   16.8   23.7   82.5    2.0    6.7   11.7    2.2    0.0 1024.6
20160905  3    7.9    9.9   16.3   20.4   88.0    2.0    6.9    3.4    5.0    0.1 1015.3
20160904  3   13.7   14.9   16.7   20.5   93.1    3.0   11.3    0.8    7.3    4.2 1006.2
20160903  3   13.6   15.0   17.3   20.9   83.8    3.0   10.6    2.8    7.2   16.5 1013.7
20160902  3    7.1   10.5   16.7   21.4   83.1    2.0    8.2    4.0    5.9    0.2 1017.0
20160901  3    9.0   11.8   16.8   22.9   81.3    2.0   11.1    8.5    2.9    0.4 1018.4
20160831  3    8.7   12.2   18.3   25.2   69.6    2.0    9.8   12.3    1.5    0.0 1019.5
20160830  3    8.3   10.5   16.0   21.6   80.7    2.0    7.7    8.7    1.7    0.0 1023.1
20160829  3    9.5   12.1   16.7   20.1   80.8    3.0   13.2    5.9    3.8    1.6 1014.6
20160828  3   14.6   16.1   20.8   29.5   77.7    3.0   12.7    6.6    5.8   15.1 1010.7
20160827  3   13.4   14.4   19.6   24.9   74.5    2.0    7.7   10.3    3.2    0.5 1018.4
20160826  3   14.6   16.7   23.2   30.9   65.8    3.0    9.4   13.0    1.9    0.0 1014.4
20160825  3   15.3   18.8   24.5   31.3   56.4    3.0   10.3   13.3    1.4    0.0 1016.7
20160824  3   11.8   14.0   22.2   28.7   73.6    2.0    8.7   13.0    1.2    0.0 1022.2
20160823  3   12.0   14.5   19.0   24.3   88.9    2.0    7.0    4.3    6.3    0.0 1023.9
20160822  3   13.3   14.8   17.0   21.6   90.5    3.0   11.1    1.0    7.2    3.8 1020.5
20160821  3    9.0   12.8   17.0   21.9   79.1    3.0   11.8    8.0    4.3    0.2 1013.2
20160820  3   10.5   13.1   18.2   22.7   82.0    2.0    9.3    3.2    6.5    0.0 1009.2
20160819  3    5.6    7.7   16.7   23.4   72.6    2.0    6.7   11.6    2.5    0.5 1009.3
20160818  3    6.2    8.8   14.1   19.9   85.1    2.0    7.2    2.3    4.5    0.0 1009.5
20160817  3    4.2    6.5   15.2   22.1   74.3    1.0    5.7   11.0    1.9    0.0 1014.5
20160816  3    5.3    7.6   15.0   21.5   76.1    2.0    8.4   10.5    2.1    0.0 1018.5
20160815  3    6.5    9.1   14.5   19.8   81.7    2.0    9.8    7.5    3.7    0.0 1022.4
20160814  3    7.6   10.6   16.0   20.3   82.3    3.0   12.7    6.4    5.0    0.7 1020.4
20160813  3   12.1   14.3   17.1   20.0   89.2    3.0   12.2    1.3    6.3    0.7 1017.0
20160812  3   13.2   13.4   16.4   19.6   95.0    2.0   10.1    0.1    7.3    3.0 1017.0
20160811  3    7.5    8.6   11.8   14.0   89.6    3.0   10.3    1.5    6.9    3.3 1017.4
20160810  3    7.9    9.8   12.0   15.9   81.0    3.0   13.5    7.2    4.7    3.0 1016.8
20160809  3    8.7   10.7   13.3   16.7   81.5    3.0   13.5    4.1    5.8    3.9 1016.5
20160808  3   11.6   12.8   17.7   20.5   78.9    4.0   14.4    3.7    5.8    0.7 1014.1
20160807  3   10.0   12.2   18.3   24.1   77.0    3.0   13.4    5.0    5.4    1.0 1020.9
20160806  3   11.3   13.5   16.7   21.1   76.9    3.0   14.7    7.8    3.7    0.1 1020.7
20160805  3   10.9   13.5   17.3   21.5   81.0    3.0   11.1    6.0    5.3    0.8 1013.4
20160804  3   12.4   15.0   18.3   22.1   79.0    3.0   12.9    3.9    6.0    0.0 1007.1
20160803  3   14.5   15.5   18.0   20.5   94.3    3.0   12.9    0.0    7.4    4.3 1006.6
20160802  3    7.9   10.9   15.9   20.2   79.8    2.0    7.7    6.9    3.7    3.0 1012.7
20160801  3    9.2   12.0   15.3   18.8   81.3    3.0   13.9    4.4    4.6    0.6 1014.3
20160731  3   11.5   13.5   16.5   19.8   79.1    2.0    6.5    3.7    6.2    1.7 1011.2
20160730  3   11.3   13.6   17.9   21.4   82.8    3.0   10.6    5.1    6.3    0.0 1009.3
20160729  3   14.9   16.0   19.1   23.3   84.4    3.0   14.1    4.4    6.4    6.4 1008.5
20160728  3   14.7   15.5   19.5   24.2   75.2    2.0    8.1    8.8    6.5    9.0 1012.3
20160727  3   15.0   16.4   18.9   23.1   80.8    2.0    9.4    3.6    6.7    4.6 1014.1
20160726  3   14.0   15.4   19.0   23.3   75.8    2.0    6.7    9.2    5.5    0.0 1018.1
20160725  3   17.0   17.9   22.0   27.0   82.3    2.0   10.3    5.2    6.3    7.0 1015.7
20160724  3   17.1   17.9   22.4   28.8   75.3    2.0    8.1    8.8    4.3    0.7 1016.9
20160723  3   14.0   15.7   21.4   26.9   67.8    2.0    6.7    7.5    6.9    0.0 1017.2
20160722  3   16.0   16.5   21.0   28.2   83.3    2.0   14.2    8.6    6.0   35.9 1015.0
20160721  3   16.9   19.3   23.9   29.1   66.4    2.0    8.2   10.8    3.9    0.0 1011.8
20160720  3   12.8   15.1   22.9   28.4   69.6    3.0   10.3   14.8    1.6    0.0 1015.2
20160719  3   13.5   15.5   19.9   24.9   78.2    2.0    8.2    7.3    4.4    0.0 1019.5
20160718  3   12.1   14.8   17.4   21.1   76.5    3.0   11.1    5.2    6.2    0.0 1018.3
20160717  3   12.8   15.0   17.4   21.6   82.3    2.0   12.0    4.2    6.8    0.0 1017.4
20160716  3    7.7   10.5   16.0   19.8   90.8    3.0    9.4    0.7    6.7    2.2 1020.0
20160715  3    9.0   11.2   14.6   16.9   82.0    3.0   15.8    0.7    6.4    0.5 1018.9
20160714  3    8.5   10.5   14.3   18.5   84.1    3.0   13.9    5.5    6.1    4.2 1013.6
20160713  3    9.4   11.5   15.2   19.0   85.5    2.0   11.0    2.8    6.2    3.0 1010.9
20160712  3    9.7   12.0   16.9   22.3   79.4    3.0   12.0    6.1    4.5    1.2 1008.6
20160711  3   15.4   17.0   19.8   21.9   68.6    4.0   13.4    5.1    5.9    0.0 1005.6
20160710  3   15.6   16.5   22.2   27.4   73.1    3.0   11.8    4.9    7.0    0.0 1008.3
20160709  3   13.4   14.2   17.4   21.9   80.5    3.0   11.7    4.8    7.0    0.6 1014.0
20160708  3   12.5   14.8   17.0   20.6   83.1    3.0   12.9    2.1    6.7    7.1 1011.6
20160707  3    8.8   10.4   16.0   20.6   75.8    2.0    9.8    7.0    5.0    0.0 1017.6
20160706  3    9.4   11.2   14.0   17.7   79.5    4.0   17.7    5.5    4.9    1.5 1013.8
20160705  3   10.3   12.7   16.6   21.5   81.5    3.0   17.5    4.6    5.6   19.5 1009.4



QN = Data Quality (Not relevant)
TG = Minimum Temperature in 5 cm - TIII previous day to TI  ( C)
TN = Minimum Temperature in 2 m over ground - TIII previous day to TIII ( C)
TM = Average Temperature in 2 m over ground (TI+TII+2*TIII) / 4  ( C)
TX = Maximum Temperature in 2 m over ground TIII previous day to TIII ( C)
RFM = Average relative humidity %(TI+TII+TIII)/3
FM = Average wind strength (TI+TII+TIII)/3 m/s
FX = Maximum wind speed m/s
SO= sum of the hours of sun
NM= Not relevant data (Mittel des Bedeckungsgrades BEDECKUNGSGRAD Achtel (TI+TII+TIII)/3 Mittel aus 24 Terminwerten)
RR= Precipitation height (mm)
PM= Means of air pressure in station height

